update_date = 20230109
strategy_code = TSC-7000-335
strategy_weight = 0.0
symbols = {
    WTI_N1 = {
        signal_tf = 0
        time_from = 0800
        time_to = 1500
        thres_h = 75.47
        thres_l = 73.24
        sar_ds = 0.98553674
        sar_ic = 0.01
        sar_cl = 0.2
        pos_n = 0.0
        inactive_bars = 191
    }

    NG_N1 = {
        signal_tf = 0
        time_from = 0800
        time_to = 1500
        thres_h = 3.839
        thres_l = 3.52
        sar_ds = 0.17222563
        sar_ic = 0.01
        sar_cl = 0.2
        pos_n = 0.0
        inactive_bars = 191
    }

}
